Year Mon Day DOY hour Heit(km) Lat  Lon Oden(cm-3) N2den(cm-3) O2den(cm-3) air(gm/cm3) T(K) exoT(K) Heden(cm-3) Arden(cm-3) Hden(cm-3) Nden(cm-3) F107 F107a apdaily  ap0-3 ap3-6 ap6-9 ap9-12 ap12-33 ap33-59
2024  1  1   1  0.00    0.0   43.3    3.0  0.000E+00  2.040E+19  5.472E+18 1.255E-03  284.3  1027  1.369E+14  2.440E+17  0.000E+00  0.000E+00  146.3  163.6   10.0    3.0    5.0    4.0    3.0    2.1    5.1
2024  1  1   1  0.00    5.0   43.3    3.0  0.000E+00  1.222E+19  3.278E+18 7.519E-04  252.7  1027  8.201E+13  1.462E+17  0.000E+00  0.000E+00  146.3  163.6   10.0    3.0    5.0    4.0    3.0    2.1    5.1
2024  1  1   1  0.00   10.0   43.3    3.0  0.000E+00  6.775E+18  1.818E+18 4.168E-04  220.4  1027  4.547E+13  8.104E+16  0.000E+00  0.000E+00  146.3  163.6   10.0    3.0    5.0    4.0    3.0    2.1    5.1
2024  1  1   1  0.00   15.0   43.3    3.0  0.000E+00  3.200E+18  8.584E+17 1.969E-04  211.3  1027  2.147E+13  3.827E+16  0.000E+00  0.000E+00  146.3  163.6   10.0    3.0    5.0    4.0    3.0    2.1    5.1
2024  1  1   1  0.00   20.0   43.3    3.0  0.000E+00  1.436E+18  3.853E+17 8.838E-05  209.9  1027  9.639E+12  1.718E+16  0.000E+00  0.000E+00  146.3  163.6   10.0    3.0    5.0    4.0    3.0    2.1    5.1
2024  1  1   1  0.00   25.0   43.3    3.0  0.000E+00  6.336E+17  1.700E+17 3.898E-05  213.1  1027  4.252E+12  7.579E+15  0.000E+00  0.000E+00  146.3  163.6   10.0    3.0    5.0    4.0    3.0    2.1    5.1
2024  1  1   1  0.00   30.0   43.3    3.0  0.000E+00  2.795E+17  7.499E+16 1.720E-05  221.3  1027  1.876E+12  3.343E+15  0.000E+00  0.000E+00  146.3  163.6   10.0    3.0    5.0    4.0    3.0    2.1    5.1
2024  1  1   1  0.00   35.0   43.3    3.0  0.000E+00  1.254E+17  3.363E+16 7.712E-06  234.9  1027  8.412E+11  1.499E+15  0.000E+00  0.000E+00  146.3  163.6   10.0    3.0    5.0    4.0    3.0    2.1    5.1
2024  1  1   1  0.00   40.0   43.3    3.0  0.000E+00  5.844E+16  1.568E+16 3.595E-06  251.9  1027  3.922E+11  6.990E+14  0.000E+00  0.000E+00  146.3  163.6   10.0    3.0    5.0    4.0    3.0    2.1    5.1
2024  1  1   1  0.00   45.0   43.3    3.0  0.000E+00  2.918E+16  7.827E+15 1.795E-06  262.8  1027  1.958E+11  3.490E+14  0.000E+00  0.000E+00  146.3  163.6   10.0    3.0    5.0    4.0    3.0    2.1    5.1
2024  1  1   1  0.00   50.0   43.3    3.0  0.000E+00  1.559E+16  4.182E+15 9.591E-07  258.8  1027  1.046E+11  1.865E+14  0.000E+00  0.000E+00  146.3  163.6   10.0    3.0    5.0    4.0    3.0    2.1    5.1
2024  1  1   1  0.00   55.0   43.3    3.0  0.000E+00  8.402E+15  2.254E+15 5.169E-07  247.4  1027  5.638E+10  1.005E+14  0.000E+00  0.000E+00  146.3  163.6   10.0    3.0    5.0    4.0    3.0    2.1    5.1
2024  1  1   1  0.00   60.0   43.3    3.0  0.000E+00  4.380E+15  1.175E+15 2.695E-07  237.6  1027  2.939E+10  5.239E+13  0.000E+00  0.000E+00  146.3  163.6   10.0    3.0    5.0    4.0    3.0    2.1    5.1
2024  1  1   1  0.00   65.0   43.3    3.0  0.000E+00  2.206E+15  5.876E+14 1.355E-07  230.5  1027  1.486E+10  2.637E+13  0.000E+00  0.000E+00  146.3  163.6   10.0    3.0    5.0    4.0    3.0    2.1    5.1
2024  1  1   1  0.00   70.0   43.3    3.0  0.000E+00  1.081E+15  2.839E+14 6.620E-08  226.0  1027  7.334E+09  1.291E+13  0.000E+00  0.000E+00  146.3  163.6   10.0    3.0    5.0    4.0    3.0    2.1    5.1
2024  1  1   1  0.00   75.0   43.3    3.0  5.354E+07  5.217E+14  1.352E+14 3.184E-08  222.1  1027  3.572E+09  6.219E+12  3.175E-04  3.997E+04  146.3  163.6   10.0    3.0    5.0    4.0    3.0    2.1    5.1
2024  1  1   1  0.00   80.0   43.3    3.0  3.358E+09  2.546E+14  6.496E+13 1.548E-08  211.4  1027  1.780E+09  3.025E+12  2.221E+07  6.323E+04  146.3  163.6   10.0    3.0    5.0    4.0    3.0    2.1    5.1
2024  1  1   1  0.00   85.0   43.3    3.0  5.993E+10  1.206E+14  3.010E+13 7.300E-09  198.0  1027  8.810E+08  1.422E+12  1.090E+08  9.904E+04  146.3  163.6   10.0    3.0    5.0    4.0    3.0    2.1    5.1
2024  1  1   1  0.00   90.0   43.3    3.0  2.957E+11  5.392E+13  1.304E+13 3.248E-09  186.5  1027  4.331E+08  6.249E+11  6.390E+07  1.482E+05  146.3  163.6   10.0    3.0    5.0    4.0    3.0    2.1    5.1
2024  1  1   1  0.00   95.0   43.3    3.0  5.457E+11  2.258E+13  5.213E+12 1.358E-09  180.1  1027  2.211E+08  2.517E+11  3.331E+07  2.100E+05  146.3  163.6   10.0    3.0    5.0    4.0    3.0    2.1    5.1
2024  1  1   1  0.00  100.0   43.3    3.0  5.388E+11  8.927E+12  1.924E+12 5.375E-10  182.8  1027  1.268E+08  9.144E+10  1.926E+07  2.872E+05  146.3  163.6   10.0    3.0    5.0    4.0    3.0    2.1    5.1
2024  1  1   1  0.00  105.0   43.3    3.0  3.835E+11  3.451E+12  6.746E+11 2.084E-10  199.8  1027  8.623E+07  3.030E+10  1.229E+07  3.943E+05  146.3  163.6   10.0    3.0    5.0    4.0    3.0    2.1    5.1
2024  1  1   1  0.00  110.0   43.3    3.0  2.416E+11  1.389E+12  2.407E+11 8.443E-11  232.7  1027  6.819E+07  9.806E+09  8.210E+06  5.617E+05  146.3  163.6   10.0    3.0    5.0    4.0    3.0    2.1    5.1
2024  1  1   1  0.00  115.0   43.3    3.0  1.486E+11  6.070E+11  9.231E+10 3.728E-11  283.5  1027  5.810E+07  3.341E+09  5.526E+06  8.213E+05  146.3  163.6   10.0    3.0    5.0    4.0    3.0    2.1    5.1
2024  1  1   1  0.00  120.0   43.3    3.0  9.292E+10  2.924E+11  3.910E+10 1.822E-11  354.2  1027  5.021E+07  1.259E+09  3.703E+06  1.205E+06  146.3  163.6   10.0    3.0    5.0    4.0    3.0    2.1    5.1
2024  1  1   1  0.00  125.0   43.3    3.0  6.165E+10  1.587E+11  1.882E+10 1.005E-11  434.8   923  4.377E+07  5.491E+08  2.519E+06  1.785E+06  146.3  163.6   10.0    3.0    5.0    4.0    3.0    2.1    5.1
2024  1  1   1  0.00  130.0   43.3    3.0  4.441E+10  9.722E+10  1.032E+10 6.265E-12  505.7   923  3.906E+07  2.796E+08  1.780E+06  2.693E+06  146.3  163.6   10.0    3.0    5.0    4.0    3.0    2.1    5.1
2024  1  1   1  0.00  135.0   43.3    3.0  3.387E+10  6.456E+10  6.192E+09 4.240E-12  566.3   923  3.542E+07  1.586E+08  1.296E+06  4.001E+06  146.3  163.6   10.0    3.0    5.0    4.0    3.0    2.1    5.1
2024  1  1   1  0.00  140.0   43.3    3.0  2.685E+10  4.527E+10  3.960E+09 3.034E-12  617.9   923  3.251E+07  9.711E+07  9.700E+05  5.746E+06  146.3  163.6   10.0    3.0    5.0    4.0    3.0    2.1    5.1
2024  1  1   1  0.00  145.0   43.3    3.0  2.190E+10  3.300E+10  2.657E+09 2.261E-12  662.1   923  3.015E+07  6.275E+07  7.455E+05  7.906E+06  146.3  163.6   10.0    3.0    5.0    4.0    3.0    2.1    5.1
2024  1  1   1  0.00  150.0   43.3    3.0  1.824E+10  2.476E+10  1.850E+09 1.737E-12  699.7   923  2.821E+07  4.219E+07  5.886E+05  1.039E+07  146.3  163.6   10.0    3.0    5.0    4.0    3.0    2.1    5.1
2024  1  1   1  0.00  155.0   43.3    3.0  1.544E+10  1.900E+10  1.327E+09 1.366E-12  731.9   923  2.659E+07  2.923E+07  4.772E+05  1.305E+07  146.3  163.6   10.0    3.0    5.0    4.0    3.0    2.1    5.1
2024  1  1   1  0.00  160.0   43.3    3.0  1.323E+10  1.483E+10  9.743E+08 1.094E-12  759.4   923  2.521E+07  2.072E+07  3.971E+05  1.570E+07  146.3  163.6   10.0    3.0    5.0    4.0    3.0    2.1    5.1
2024  1  1   1  0.00  165.0   43.3    3.0  1.145E+10  1.172E+10  7.293E+08 8.893E-13  782.9   923  2.402E+07  1.495E+07  3.387E+05  1.815E+07  146.3  163.6   10.0    3.0    5.0    4.0    3.0    2.1    5.1
2024  1  1   1  0.00  170.0   43.3    3.0  9.985E+09  9.381E+09  5.546E+08 7.321E-13  803.0   923  2.298E+07  1.095E+07  2.954E+05  2.023E+07  146.3  163.6   10.0    3.0    5.0    4.0    3.0    2.1    5.1
2024  1  1   1  0.00  175.0   43.3    3.0  8.765E+09  7.575E+09  4.272E+08 6.088E-13  820.2   923  2.205E+07  8.113E+06  2.630E+05  2.185E+07  146.3  163.6   10.0    3.0    5.0    4.0    3.0    2.1    5.1
2024  1  1   1  0.00  180.0   43.3    3.0  7.735E+09  6.161E+09  3.326E+08 5.106E-13  834.9   923  2.123E+07  6.070E+06  2.384E+05  2.295E+07  146.3  163.6   10.0    3.0    5.0    4.0    3.0    2.1    5.1
2024  1  1   1  0.00  185.0   43.3    3.0  6.857E+09  5.042E+09  2.613E+08 4.314E-13  847.4   923  2.048E+07  4.578E+06  2.194E+05  2.354E+07  146.3  163.6   10.0    3.0    5.0    4.0    3.0    2.1    5.1
2024  1  1   1  0.00  190.0   43.3    3.0  6.101E+09  4.148E+09  2.068E+08 3.668E-13  858.2   923  1.979E+07  3.476E+06  2.047E+05  2.365E+07  146.3  163.6   10.0    3.0    5.0    4.0    3.0    2.1    5.1
2024  1  1   1  0.00  195.0   43.3    3.0  5.446E+09  3.427E+09  1.648E+08 3.135E-13  867.3   923  1.916E+07  2.654E+06  1.931E+05  2.336E+07  146.3  163.6   10.0    3.0    5.0    4.0    3.0    2.1    5.1
2024  1  1   1  0.00  200.0   43.3    3.0  4.874E+09  2.842E+09  1.320E+08 2.694E-13  875.2   923  1.857E+07  2.036E+06  1.840E+05  2.274E+07  146.3  163.6   10.0    3.0    5.0    4.0    3.0    2.1    5.1
2024  1  1   1  0.00  205.0   43.3    3.0  4.373E+09  2.364E+09  1.062E+08 2.324E-13  882.0   923  1.801E+07  1.568E+06  1.766E+05  2.187E+07  146.3  163.6   10.0    3.0    5.0    4.0    3.0    2.1    5.1
2024  1  1   1  0.00  210.0   43.3    3.0  3.931E+09  1.972E+09  8.578E+07 2.013E-13  887.7   923  1.749E+07  1.212E+06  1.706E+05  2.083E+07  146.3  163.6   10.0    3.0    5.0    4.0    3.0    2.1    5.1
2024  1  1   1  0.00  215.0   43.3    3.0  3.539E+09  1.648E+09  6.953E+07 1.749E-13  892.7   923  1.700E+07  9.399E+05  1.657E+05  1.968E+07  146.3  163.6   10.0    3.0    5.0    4.0    3.0    2.1    5.1
2024  1  1   1  0.00  220.0   43.3    3.0  3.192E+09  1.380E+09  5.652E+07 1.525E-13  896.9   923  1.654E+07  7.307E+05  1.616E+05  1.848E+07  146.3  163.6   10.0    3.0    5.0    4.0    3.0    2.1    5.1
2024  1  1   1  0.00  225.0   43.3    3.0  2.882E+09  1.158E+09  4.606E+07 1.334E-13  900.5   923  1.610E+07  5.692E+05  1.582E+05  1.725E+07  146.3  163.6   10.0    3.0    5.0    4.0    3.0    2.1    5.1
2024  1  1   1  0.00  230.0   43.3    3.0  2.605E+09  9.733E+08  3.763E+07 1.169E-13  903.7   923  1.568E+07  4.444E+05  1.553E+05  1.604E+07  146.3  163.6   10.0    3.0    5.0    4.0    3.0    2.1    5.1
2024  1  1   1  0.00  235.0   43.3    3.0  2.357E+09  8.189E+08  3.079E+07 1.028E-13  906.3   923  1.528E+07  3.475E+05  1.529E+05  1.487E+07  146.3  163.6   10.0    3.0    5.0    4.0    3.0    2.1    5.1
2024  1  1   1  0.00  240.0   43.3    3.0  2.135E+09  6.898E+08  2.524E+07 9.053E-14  908.6   923  1.489E+07  2.721E+05  1.507E+05  1.375E+07  146.3  163.6   10.0    3.0    5.0    4.0    3.0    2.1    5.1
2024  1  1   1  0.00  245.0   43.3    3.0  1.934E+09  5.816E+08  2.073E+07 7.992E-14  910.6   923  1.451E+07  2.134E+05  1.488E+05  1.268E+07  146.3  163.6   10.0    3.0    5.0    4.0    3.0    2.1    5.1
2024  1  1   1  0.00  250.0   43.3    3.0  1.754E+09  4.908E+08  1.704E+07 7.069E-14  912.3   923  1.415E+07  1.676E+05  1.471E+05  1.169E+07  146.3  163.6   10.0    3.0    5.0    4.0    3.0    2.1    5.1
2024  1  1   1  0.00  255.0   43.3    3.0  1.592E+09  4.146E+08  1.403E+07 6.264E-14  913.7   923  1.381E+07  1.317E+05  1.456E+05  1.075E+07  146.3  163.6   10.0    3.0    5.0    4.0    3.0    2.1    5.1
2024  1  1   1  0.00  260.0   43.3    3.0  1.445E+09  3.504E+08  1.156E+07 5.561E-14  914.9   923  1.347E+07  1.036E+05  1.443E+05  9.889E+06  146.3  163.6   10.0    3.0    5.0    4.0    3.0    2.1    5.1
2024  1  1   1  0.00  265.0   43.3    3.0  1.312E+09  2.964E+08  9.530E+06 4.944E-14  916.0   923  1.314E+07  8.160E+04  1.430E+05  9.089E+06  146.3  163.6   10.0    3.0    5.0    4.0    3.0    2.1    5.1
2024  1  1   1  0.00  270.0   43.3    3.0  1.192E+09  2.508E+08  7.867E+06 4.403E-14  916.9   923  1.283E+07  6.431E+04  1.418E+05  8.350E+06  146.3  163.6   10.0    3.0    5.0    4.0    3.0    2.1    5.1
2024  1  1   1  0.00  275.0   43.3    3.0  1.084E+09  2.124E+08  6.498E+06 3.927E-14  917.7   923  1.252E+07  5.072E+04  1.407E+05  7.671E+06  146.3  163.6   10.0    3.0    5.0    4.0    3.0    2.1    5.1
2024  1  1   1  0.00  280.0   43.3    3.0  9.856E+08  1.799E+08  5.372E+06 3.507E-14  918.4   923  1.222E+07  4.003E+04  1.397E+05  7.046E+06  146.3  163.6   10.0    3.0    5.0    4.0    3.0    2.1    5.1
2024  1  1   1  0.00  285.0   43.3    3.0  8.965E+08  1.525E+08  4.443E+06 3.137E-14  919.0   923  1.194E+07  3.161E+04  1.387E+05  6.473E+06  146.3  163.6   10.0    3.0    5.0    4.0    3.0    2.1    5.1
2024  1  1   1  0.00  290.0   43.3    3.0  8.156E+08  1.293E+08  3.678E+06 2.809E-14  919.5   923  1.165E+07  2.498E+04  1.377E+05  5.946E+06  146.3  163.6   10.0    3.0    5.0    4.0    3.0    2.1    5.1
2024  1  1   1  0.00  295.0   43.3    3.0  7.423E+08  1.097E+08  3.046E+06 2.518E-14  919.9   923  1.138E+07  1.975E+04  1.368E+05  5.464E+06  146.3  163.6   10.0    3.0    5.0    4.0    3.0    2.1    5.1
2024  1  1   1  0.00  300.0   43.3    3.0  6.757E+08  9.309E+07  2.523E+06 2.260E-14  920.3   923  1.112E+07  1.562E+04  1.359E+05  5.020E+06  146.3  163.6   10.0    3.0    5.0    4.0    3.0    2.1    5.1
2024  1  1   1  0.00  305.0   43.3    3.0  6.152E+08  7.902E+07  2.092E+06 2.030E-14  920.6   923  1.086E+07  1.236E+04  1.350E+05  4.615E+06  146.3  163.6   10.0    3.0    5.0    4.0    3.0    2.1    5.1
2024  1  1   1  0.00  310.0   43.3    3.0  5.603E+08  6.711E+07  1.735E+06 1.826E-14  920.8   923  1.060E+07  9.789E+03  1.342E+05  4.244E+06  146.3  163.6   10.0    3.0    5.0    4.0    3.0    2.1    5.1
2024  1  1   1  0.00  315.0   43.3    3.0  5.104E+08  5.701E+07  1.439E+06 1.644E-14  921.1   923  1.036E+07  7.755E+03  1.334E+05  3.903E+06  146.3  163.6   10.0    3.0    5.0    4.0    3.0    2.1    5.1
2024  1  1   1  0.00  320.0   43.3    3.0  4.650E+08  4.844E+07  1.195E+06 1.482E-14  921.3   923  1.012E+07  6.146E+03  1.325E+05  3.591E+06  146.3  163.6   10.0    3.0    5.0    4.0    3.0    2.1    5.1
2024  1  1   1  0.00  325.0   43.3    3.0  4.237E+08  4.118E+07  9.919E+05 1.336E-14  921.5   923  9.887E+06  4.873E+03  1.317E+05  3.305E+06  146.3  163.6   10.0    3.0    5.0    4.0    3.0    2.1    5.1
2024  1  1   1  0.00  330.0   43.3    3.0  3.862E+08  3.501E+07  8.239E+05 1.206E-14  921.6   923  9.660E+06  3.866E+03  1.309E+05  3.042E+06  146.3  163.6   10.0    3.0    5.0    4.0    3.0    2.1    5.1
2024  1  1   1  0.00  335.0   43.3    3.0  3.520E+08  2.978E+07  6.846E+05 1.090E-14  921.7   923  9.438E+06  3.067E+03  1.301E+05  2.801E+06  146.3  163.6   10.0    3.0    5.0    4.0    3.0    2.1    5.1
2024  1  1   1  0.00  340.0   43.3    3.0  3.210E+08  2.534E+07  5.691E+05 9.854E-15  921.8   923  9.222E+06  2.435E+03  1.294E+05  2.580E+06  146.3  163.6   10.0    3.0    5.0    4.0    3.0    2.1    5.1
2024  1  1   1  0.00  345.0   43.3    3.0  2.927E+08  2.156E+07  4.732E+05 8.916E-15  921.9   923  9.012E+06  1.934E+03  1.286E+05  2.377E+06  146.3  163.6   10.0    3.0    5.0    4.0    3.0    2.1    5.1
2024  1  1   1  0.00  350.0   43.3    3.0  2.669E+08  1.835E+07  3.936E+05 8.073E-15  922.0   923  8.806E+06  1.536E+03  1.279E+05  2.190E+06  146.3  163.6   10.0    3.0    5.0    4.0    3.0    2.1    5.1
2024  1  1   1  0.00  355.0   43.3    3.0  2.435E+08  1.563E+07  3.275E+05 7.315E-15  922.1   923  8.606E+06  1.221E+03  1.271E+05  2.018E+06  146.3  163.6   10.0    3.0    5.0    4.0    3.0    2.1    5.1
2024  1  1   1  0.00  360.0   43.3    3.0  2.221E+08  1.331E+07  2.725E+05 6.632E-15  922.2   923  8.411E+06  9.708E+02  1.264E+05  1.861E+06  146.3  163.6   10.0    3.0    5.0    4.0    3.0    2.1    5.1
2024  1  1   1  0.00  365.0   43.3    3.0  2.027E+08  1.134E+07  2.269E+05 6.017E-15  922.2   923  8.220E+06  7.721E+02  1.257E+05  1.716E+06  146.3  163.6   10.0    3.0    5.0    4.0    3.0    2.1    5.1
2024  1  1   1  0.00  370.0   43.3    3.0  1.850E+08  9.661E+06  1.890E+05 5.462E-15  922.2   923  8.034E+06  6.144E+02  1.250E+05  1.583E+06  146.3  163.6   10.0    3.0    5.0    4.0    3.0    2.1    5.1
2024  1  1   1  0.00  375.0   43.3    3.0  1.688E+08  8.234E+06  1.574E+05 4.962E-15  922.3   923  7.853E+06  4.890E+02  1.242E+05  1.460E+06  146.3  163.6   10.0    3.0    5.0    4.0    3.0    2.1    5.1
2024  1  1   1  0.00  380.0   43.3    3.0  1.541E+08  7.020E+06  1.312E+05 4.509E-15  922.3   923  7.675E+06  3.893E+02  1.235E+05  1.347E+06  146.3  163.6   10.0    3.0    5.0    4.0    3.0    2.1    5.1
2024  1  1   1  0.00  385.0   43.3    3.0  1.407E+08  5.986E+06  1.093E+05 4.100E-15  922.4   923  7.503E+06  3.101E+02  1.228E+05  1.243E+06  146.3  163.6   10.0    3.0    5.0    4.0    3.0    2.1    5.1
2024  1  1   1  0.00  390.0   43.3    3.0  1.285E+08  5.106E+06  9.117E+04 3.730E-15  922.4   923  7.334E+06  2.471E+02  1.221E+05  1.147E+06  146.3  163.6   10.0    3.0    5.0    4.0    3.0    2.1    5.1
2024  1  1   1  0.00  395.0   43.3    3.0  1.173E+08  4.356E+06  7.603E+04 3.395E-15  922.4   923  7.169E+06  1.969E+02  1.214E+05  1.059E+06  146.3  163.6   10.0    3.0    5.0    4.0    3.0    2.1    5.1
2024  1  1   1  0.00  400.0   43.3    3.0  1.072E+08  3.718E+06  6.343E+04 3.092E-15  922.4   923  7.009E+06  1.570E+02  1.208E+05  9.780E+05  146.3  163.6   10.0    3.0    5.0    4.0    3.0    2.1    5.1
2024  1  1   1  0.00  405.0   43.3    3.0  9.790E+07  3.173E+06  5.293E+04 2.817E-15  922.4   923  6.852E+06  1.252E+02  1.201E+05  9.032E+05  146.3  163.6   10.0    3.0    5.0    4.0    3.0    2.1    5.1
2024  1  1   1  0.00  410.0   43.3    3.0  8.944E+07  2.709E+06  4.418E+04 2.568E-15  922.4   923  6.699E+06  9.992E+01  1.194E+05  8.342E+05  146.3  163.6   10.0    3.0    5.0    4.0    3.0    2.1    5.1
2024  1  1   1  0.00  415.0   43.3    3.0  8.173E+07  2.314E+06  3.689E+04 2.342E-15  922.5   923  6.550E+06  7.975E+01  1.187E+05  7.707E+05  146.3  163.6   10.0    3.0    5.0    4.0    3.0    2.1    5.1
2024  1  1   1  0.00  420.0   43.3    3.0  7.469E+07  1.976E+06  3.081E+04 2.137E-15  922.5   923  6.404E+06  6.367E+01  1.181E+05  7.120E+05  146.3  163.6   10.0    3.0    5.0    4.0    3.0    2.1    5.1
2024  1  1   1  0.00  425.0   43.3    3.0  6.827E+07  1.689E+06  2.574E+04 1.950E-15  922.5   923  6.261E+06  5.085E+01  1.174E+05  6.580E+05  146.3  163.6   10.0    3.0    5.0    4.0    3.0    2.1    5.1
2024  1  1   1  0.00  430.0   43.3    3.0  6.240E+07  1.443E+06  2.151E+04 1.781E-15  922.5   923  6.122E+06  4.063E+01  1.167E+05  6.081E+05  146.3  163.6   10.0    3.0    5.0    4.0    3.0    2.1    5.1
2024  1  1   1  0.00  435.0   43.3    3.0  5.705E+07  1.234E+06  1.797E+04 1.627E-15  922.5   923  5.987E+06  3.247E+01  1.161E+05  5.621E+05  146.3  163.6   10.0    3.0    5.0    4.0    3.0    2.1    5.1
2024  1  1   1  0.00  440.0   43.3    3.0  5.217E+07  1.055E+06  1.503E+04 1.487E-15  922.5   923  5.854E+06  2.596E+01  1.154E+05  5.196E+05  146.3  163.6   10.0    3.0    5.0    4.0    3.0    2.1    5.1
2024  1  1   1  0.00  445.0   43.3    3.0  4.771E+07  9.019E+05  1.257E+04 1.359E-15  922.5   923  5.725E+06  2.076E+01  1.148E+05  4.805E+05  146.3  163.6   10.0    3.0    5.0    4.0    3.0    2.1    5.1
2024  1  1   1  0.00  450.0   43.3    3.0  4.363E+07  7.715E+05  1.051E+04 1.243E-15  922.5   923  5.598E+06  1.661E+01  1.142E+05  4.443E+05  146.3  163.6   10.0    3.0    5.0    4.0    3.0    2.1    5.1
2024  1  1   1  0.00  455.0   43.3    3.0  3.991E+07  6.601E+05  8.796E+03 1.137E-15  922.5   923  5.475E+06  1.329E+01  1.135E+05  4.104E+05  146.3  163.6   10.0    3.0    5.0    4.0    3.0    2.1    5.1
2024  1  1   1  0.00  460.0   43.3    3.0  3.651E+07  5.649E+05  7.362E+03 1.041E-15  922.5   923  5.355E+06  1.064E+01  1.129E+05  3.797E+05  146.3  163.6   10.0    3.0    5.0    4.0    3.0    2.1    5.1
2024  1  1   1  0.00  465.0   43.3    3.0  3.341E+07  4.835E+05  6.163E+03 9.534E-16  922.5   923  5.237E+06  8.520E+00  1.123E+05  3.513E+05  146.3  163.6   10.0    3.0    5.0    4.0    3.0    2.1    5.1
2024  1  1   1  0.00  470.0   43.3    3.0  3.057E+07  4.140E+05  5.161E+03 8.734E-16  922.5   923  5.122E+06  6.825E+00  1.116E+05  3.250E+05  146.3  163.6   10.0    3.0    5.0    4.0    3.0    2.1    5.1
2024  1  1   1  0.00  475.0   43.3    3.0  2.798E+07  3.545E+05  4.323E+03 8.004E-16  922.5   923  5.010E+06  5.469E+00  1.110E+05  3.008E+05  146.3  163.6   10.0    3.0    5.0    4.0    3.0    2.1    5.1
2024  1  1   1  0.00  480.0   43.3    3.0  2.561E+07  3.037E+05  3.622E+03 7.338E-16  922.5   923  4.900E+06  4.384E+00  1.104E+05  2.784E+05  146.3  163.6   10.0    3.0    5.0    4.0    3.0    2.1    5.1
2024  1  1   1  0.00  485.0   43.3    3.0  2.344E+07  2.602E+05  3.035E+03 6.731E-16  922.5   923  4.793E+06  3.515E+00  1.098E+05  2.577E+05  146.3  163.6   10.0    3.0    5.0    4.0    3.0    2.1    5.1
2024  1  1   1  0.00  490.0   43.3    3.0  2.147E+07  2.230E+05  2.544E+03 6.176E-16  922.5   923  4.689E+06  2.819E+00  1.092E+05  2.385E+05  146.3  163.6   10.0    3.0    5.0    4.0    3.0    2.1    5.1
2024  1  1   1  0.00  495.0   43.3    3.0  1.966E+07  1.911E+05  2.133E+03 5.670E-16  922.5   923  4.586E+06  2.262E+00  1.086E+05  2.208E+05  146.3  163.6   10.0    3.0    5.0    4.0    3.0    2.1    5.1
2024  1  1   1  0.00  500.0   43.3    3.0  1.800E+07  1.638E+05  1.789E+03 5.207E-16  922.5   923  4.487E+06  1.816E+00  1.080E+05  2.045E+05  146.3  163.6   10.0    3.0    5.0    4.0    3.0    2.1    5.1
2024  1  1   1  0.00  505.0   43.3    3.0  1.649E+07  1.405E+05  1.501E+03 4.784E-16  922.5   923  4.389E+06  1.458E+00  1.074E+05  1.894E+05  146.3  163.6   10.0    3.0    5.0    4.0    3.0    2.1    5.1
2024  1  1   1  0.00  510.0   43.3    3.0  1.510E+07  1.205E+05  1.260E+03 4.397E-16  922.5   923  4.294E+06  1.171E+00  1.068E+05  1.754E+05  146.3  163.6   10.0    3.0    5.0    4.0    3.0    2.1    5.1
2024  1  1   1  0.00  515.0   43.3    3.0  1.384E+07  1.034E+05  1.057E+03 4.044E-16  922.5   923  4.201E+06  9.405E-01  1.062E+05  1.624E+05  146.3  163.6   10.0    3.0    5.0    4.0    3.0    2.1    5.1
2024  1  1   1  0.00  520.0   43.3    3.0  1.268E+07  8.871E+04  8.875E+02 3.720E-16  922.5   923  4.110E+06  7.558E-01  1.057E+05  1.505E+05  146.3  163.6   10.0    3.0    5.0    4.0    3.0    2.1    5.1
2024  1  1   1  0.00  525.0   43.3    3.0  1.162E+07  7.614E+04  7.453E+02 3.424E-16  922.5   923  4.021E+06  6.076E-01  1.051E+05  1.394E+05  146.3  163.6   10.0    3.0    5.0    4.0    3.0    2.1    5.1
2024  1  1   1  0.00  530.0   43.3    3.0  1.065E+07  6.537E+04  6.261E+02 3.153E-16  922.5   923  3.935E+06  4.886E-01  1.045E+05  1.292E+05  146.3  163.6   10.0    3.0    5.0    4.0    3.0    2.1    5.1
2024  1  1   1  0.00  535.0   43.3    3.0  9.760E+06  5.613E+04  5.260E+02 2.905E-16  922.5   923  3.850E+06  3.930E-01  1.040E+05  1.197E+05  146.3  163.6   10.0    3.0    5.0    4.0    3.0    2.1    5.1
2024  1  1   1  0.00  540.0   43.3    3.0  8.947E+06  4.821E+04  4.421E+02 2.678E-16  922.5   923  3.767E+06  3.162E-01  1.034E+05  1.109E+05  146.3  163.6   10.0    3.0    5.0    4.0    3.0    2.1    5.1
2024  1  1   1  0.00  545.0   43.3    3.0  8.203E+06  4.141E+04  3.716E+02 2.470E-16  922.5   923  3.686E+06  2.545E-01  1.028E+05  1.028E+05  146.3  163.6   10.0    3.0    5.0    4.0    3.0    2.1    5.1
2024  1  1   1  0.00  550.0   43.3    3.0  7.522E+06  3.558E+04  3.124E+02 2.280E-16  922.5   923  3.607E+06  2.050E-01  1.023E+05  9.530E+04  146.3  163.6   10.0    3.0    5.0    4.0    3.0    2.1    5.1
2024  1  1   1  0.00  555.0   43.3    3.0  6.898E+06  3.058E+04  2.628E+02 2.105E-16  922.5   923  3.530E+06  1.651E-01  1.017E+05  8.835E+04  146.3  163.6   10.0    3.0    5.0    4.0    3.0    2.1    5.1
2024  1  1   1  0.00  560.0   43.3    3.0  6.327E+06  2.629E+04  2.211E+02 1.945E-16  922.5   923  3.455E+06  1.330E-01  1.012E+05  8.191E+04  146.3  163.6   10.0    3.0    5.0    4.0    3.0    2.1    5.1
2024  1  1   1  0.00  565.0   43.3    3.0  5.804E+06  2.260E+04  1.860E+02 1.798E-16  922.5   923  3.381E+06  1.072E-01  1.006E+05  7.595E+04  146.3  163.6   10.0    3.0    5.0    4.0    3.0    2.1    5.1
2024  1  1   1  0.00  570.0   43.3    3.0  5.325E+06  1.944E+04  1.566E+02 1.663E-16  922.5   923  3.309E+06  8.641E-02  1.001E+05  7.044E+04  146.3  163.6   10.0    3.0    5.0    4.0    3.0    2.1    5.1
2024  1  1   1  0.00  575.0   43.3    3.0  4.886E+06  1.672E+04  1.318E+02 1.539E-16  922.5   923  3.238E+06  6.968E-02  9.955E+04  6.533E+04  146.3  163.6   10.0    3.0    5.0    4.0    3.0    2.1    5.1
2024  1  1   1  0.00  580.0   43.3    3.0  4.483E+06  1.439E+04  1.110E+02 1.425E-16  922.5   923  3.170E+06  5.621E-02  9.902E+04  6.059E+04  146.3  163.6   10.0    3.0    5.0    4.0    3.0    2.1    5.1
2024  1  1   1  0.00  585.0   43.3    3.0  4.115E+06  1.238E+04  9.349E+01 1.321E-16  922.5   923  3.102E+06  4.536E-02  9.849E+04  5.621E+04  146.3  163.6   10.0    3.0    5.0    4.0    3.0    2.1    5.1
2024  1  1   1  0.00  590.0   43.3    3.0  3.777E+06  1.066E+04  7.876E+01 1.225E-16  922.5   923  3.037E+06  3.661E-02  9.796E+04  5.215E+04  146.3  163.6   10.0    3.0    5.0    4.0    3.0    2.1    5.1
2024  1  1   1  0.00  595.0   43.3    3.0  3.467E+06  9.175E+03  6.638E+01 1.137E-16  922.5   923  2.972E+06  2.956E-02  9.744E+04  4.839E+04  146.3  163.6   10.0    3.0    5.0    4.0    3.0    2.1    5.1
2024  1  1   1  0.00  600.0   43.3    3.0  3.183E+06  7.900E+03  5.595E+01 1.056E-16  922.5   923  2.909E+06  2.387E-02  9.692E+04  4.490E+04  146.3  163.6   10.0    3.0    5.0    4.0    3.0    2.1    5.1
2024  1  1   1  0.00  605.0   43.3    3.0  2.923E+06  6.805E+03  4.717E+01 9.815E-17  922.5   923  2.848E+06  1.929E-02  9.641E+04  4.167E+04  146.3  163.6   10.0    3.0    5.0    4.0    3.0    2.1    5.1
2024  1  1   1  0.00  610.0   43.3    3.0  2.684E+06  5.862E+03  3.978E+01 9.129E-17  922.5   923  2.788E+06  1.559E-02  9.589E+04  3.868E+04  146.3  163.6   10.0    3.0    5.0    4.0    3.0    2.1    5.1
2024  1  1   1  0.00  615.0   43.3    3.0  2.465E+06  5.051E+03  3.356E+01 8.499E-17  922.5   923  2.729E+06  1.260E-02  9.539E+04  3.590E+04  146.3  163.6   10.0    3.0    5.0    4.0    3.0    2.1    5.1
2024  1  1   1  0.00  620.0   43.3    3.0  2.264E+06  4.353E+03  2.831E+01 7.918E-17  922.5   923  2.672E+06  1.019E-02  9.488E+04  3.333E+04  146.3  163.6   10.0    3.0    5.0    4.0    3.0    2.1    5.1
2024  1  1   1  0.00  625.0   43.3    3.0  2.080E+06  3.753E+03  2.390E+01 7.383E-17  922.5   923  2.616E+06  8.243E-03  9.438E+04  3.095E+04  146.3  163.6   10.0    3.0    5.0    4.0    3.0    2.1    5.1
2024  1  1   1  0.00  630.0   43.3    3.0  1.911E+06  3.236E+03  2.017E+01 6.890E-17  922.5   923  2.561E+06  6.670E-03  9.388E+04  2.874E+04  146.3  163.6   10.0    3.0    5.0    4.0    3.0    2.1    5.1
2024  1  1   1  0.00  635.0   43.3    3.0  1.756E+06  2.791E+03  1.703E+01 6.435E-17  922.5   923  2.508E+06  5.398E-03  9.339E+04  2.669E+04  146.3  163.6   10.0    3.0    5.0    4.0    3.0    2.1    5.1
2024  1  1   1  0.00  640.0   43.3    3.0  1.614E+06  2.407E+03  1.438E+01 6.016E-17  922.5   923  2.455E+06  4.371E-03  9.289E+04  2.479E+04  146.3  163.6   10.0    3.0    5.0    4.0    3.0    2.1    5.1
2024  1  1   1  0.00  645.0   43.3    3.0  1.483E+06  2.077E+03  1.215E+01 5.630E-17  922.5   923  2.404E+06  3.540E-03  9.241E+04  2.302E+04  146.3  163.6   10.0    3.0    5.0    4.0    3.0    2.1    5.1
2024  1  1   1  0.00  650.0   43.3    3.0  1.364E+06  1.792E+03  1.027E+01 5.273E-17  922.5   923  2.354E+06  2.868E-03  9.192E+04  2.139E+04  146.3  163.6   10.0    3.0    5.0    4.0    3.0    2.1    5.1
2024  1  1   1  0.00  655.0   43.3    3.0  1.254E+06  1.547E+03  8.678E+00 4.943E-17  922.5   923  2.305E+06  2.324E-03  9.144E+04  1.987E+04  146.3  163.6   10.0    3.0    5.0    4.0    3.0    2.1    5.1
2024  1  1   1  0.00  660.0   43.3    3.0  1.153E+06  1.335E+03  7.336E+00 4.638E-17  922.5   923  2.257E+06  1.884E-03  9.096E+04  1.846E+04  146.3  163.6   10.0    3.0    5.0    4.0    3.0    2.1    5.1
2024  1  1   1  0.00  665.0   43.3    3.0  1.060E+06  1.153E+03  6.203E+00 4.357E-17  922.5   923  2.210E+06  1.527E-03  9.048E+04  1.715E+04  146.3  163.6   10.0    3.0    5.0    4.0    3.0    2.1    5.1
2024  1  1   1  0.00  670.0   43.3    3.0  9.747E+05  9.959E+02  5.247E+00 4.096E-17  922.5   923  2.164E+06  1.239E-03  9.001E+04  1.594E+04  146.3  163.6   10.0    3.0    5.0    4.0    3.0    2.1    5.1
2024  1  1   1  0.00  675.0   43.3    3.0  8.965E+05  8.603E+02  4.439E+00 3.855E-17  922.5   923  2.120E+06  1.005E-03  8.954E+04  1.482E+04  146.3  163.6   10.0    3.0    5.0    4.0    3.0    2.1    5.1
2024  1  1   1  0.00  680.0   43.3    3.0  8.247E+05  7.434E+02  3.756E+00 3.632E-17  922.5   923  2.076E+06  8.158E-04  8.908E+04  1.377E+04  146.3  163.6   10.0    3.0    5.0    4.0    3.0    2.1    5.1
2024  1  1   1  0.00  685.0   43.3    3.0  7.587E+05  6.424E+02  3.179E+00 3.426E-17  922.5   923  2.033E+06  6.622E-04  8.861E+04  1.280E+04  146.3  163.6   10.0    3.0    5.0    4.0    3.0    2.1    5.1
2024  1  1   1  0.00  690.0   43.3    3.0  6.981E+05  5.553E+02  2.691E+00 3.234E-17  922.5   923  1.991E+06  5.378E-04  8.815E+04  1.190E+04  146.3  163.6   10.0    3.0    5.0    4.0    3.0    2.1    5.1
2024  1  1   1  0.00  695.0   43.3    3.0  6.424E+05  4.801E+02  2.279E+00 3.056E-17  922.5   923  1.950E+06  4.368E-04  8.770E+04  1.107E+04  146.3  163.6   10.0    3.0    5.0    4.0    3.0    2.1    5.1
2024  1  1   1  0.00  700.0   43.3    3.0  5.912E+05  4.152E+02  1.930E+00 2.891E-17  922.5   923  1.910E+06  3.549E-04  8.724E+04  1.029E+04  146.3  163.6   10.0    3.0    5.0    4.0    3.0    2.1    5.1
2024  1  1   1  0.00  705.0   43.3    3.0  5.442E+05  3.591E+02  1.635E+00 2.738E-17  922.5   923  1.871E+06  2.885E-04  8.679E+04  9.573E+03  146.3  163.6   10.0    3.0    5.0    4.0    3.0    2.1    5.1
2024  1  1   1  0.00  710.0   43.3    3.0  5.009E+05  3.106E+02  1.386E+00 2.596E-17  922.5   923  1.833E+06  2.345E-04  8.634E+04  8.904E+03  146.3  163.6   10.0    3.0    5.0    4.0    3.0    2.1    5.1
2024  1  1   1  0.00  715.0   43.3    3.0  4.612E+05  2.688E+02  1.174E+00 2.463E-17  922.5   923  1.795E+06  1.907E-04  8.590E+04  8.282E+03  146.3  163.6   10.0    3.0    5.0    4.0    3.0    2.1    5.1
2024  1  1   1  0.00  720.0   43.3    3.0  4.246E+05  2.326E+02  9.956E-01 2.340E-17  922.5   923  1.758E+06  1.552E-04  8.546E+04  7.705E+03  146.3  163.6   10.0    3.0    5.0    4.0    3.0    2.1    5.1
2024  1  1   1  0.00  725.0   43.3    3.0  3.910E+05  2.014E+02  8.443E-01 2.226E-17  922.5   923  1.722E+06  1.263E-04  8.502E+04  7.169E+03  146.3  163.6   10.0    3.0    5.0    4.0    3.0    2.1    5.1
2024  1  1   1  0.00  730.0   43.3    3.0  3.601E+05  1.744E+02  7.161E-01 2.119E-17  922.5   923  1.687E+06  1.028E-04  8.458E+04  6.671E+03  146.3  163.6   10.0    3.0    5.0    4.0    3.0    2.1    5.1
2024  1  1   1  0.00  735.0   43.3    3.0  3.317E+05  1.510E+02  6.075E-01 2.019E-17  922.5   923  1.653E+06  8.368E-05  8.415E+04  6.208E+03  146.3  163.6   10.0    3.0    5.0    4.0    3.0    2.1    5.1
2024  1  1   1  0.00  740.0   43.3    3.0  3.055E+05  1.308E+02  5.155E-01 1.926E-17  922.5   923  1.619E+06  6.815E-05  8.372E+04  5.777E+03  146.3  163.6   10.0    3.0    5.0    4.0    3.0    2.1    5.1
2024  1  1   1  0.00  745.0   43.3    3.0  2.815E+05  1.133E+02  4.376E-01 1.839E-17  922.5   923  1.587E+06  5.552E-05  8.329E+04  5.377E+03  146.3  163.6   10.0    3.0    5.0    4.0    3.0    2.1    5.1